Scan	BCID	sigma_vis	sigma_vis_err	lumi_sp	lumi_sp_err	Sigma_X	Sigma_Y	mu_vis_max_xscan	mu_vis_max_err_xscan	xscan_offset_[#mum]	mu_vis_max_yscan	mu_vis_max_err_yscan	yscan_offset_[#mum]
1	1	207.107935673	0.817993197476	2.14278676807	0.00769646152768	25.5889682892	32.6412791462	3.93856991785e-21	1.45585020515e-23	-1.0000000475	3.9171153702e-21	1.47031255341e-23	-1.0000000475
1	241	206.487424172	0.950876079609	2.09840653172	0.00883190021392	25.7437098822	33.1312742627	3.8573069165e-21	1.56744931099e-23	-1.0000000475	3.82763673801e-21	1.58116383468e-23	-1.0000000475
1	2881	206.922987714	0.905150183846	2.23290044407	0.00919619088648	24.7589666503	32.3740495147	4.11071930005e-21	1.32750390466e-23	-1.0000000475	4.11007029729e-21	1.34007593095e-23	-1.0000000475
1	3121	205.669315261	0.756658599229	2.1530754973	0.0071258051719	25.1514980731	33.0503288735	3.92459611647e-21	1.35935742715e-23	-1.0000000475	3.9101729108e-21	1.37226021858e-23	-1.0000000475
1	all	206.546915705	0.430487171774	n/a	n/a	n/a	n/a	n/a	n/a	n/a	n/a	n/a	n/a
2	1	206.971400506	0.673567456531	2.13722828959	0.00587581695827	25.7198434478	32.559645415	3.9270000785e-21	1.4894918701e-23	-1.0000000475	3.9147058936e-21	1.48960522222e-23	-1.0000000475
2	241	207.152680131	1.08385330655	2.07731299177	0.0100966594298	26.0574282726	33.0647629382	3.82029911734e-21	1.59157306319e-23	-1.0000000475	3.83010447986e-21	1.59611698693e-23	-1.0000000475
2	2881	207.788045842	1.48539324267	2.21247401598	0.015434706343	24.9138091291	32.4698729841	4.10955685161e-21	1.34293454801e-23	-1.0000000475	4.04926201211e-21	1.34409678051e-23	-1.0000000475
2	3121	207.207638734	0.836795048677	2.11973728053	0.00778304262005	25.5213859842	33.0835883026	3.91069385199e-21	1.39113198523e-23	-1.0000000475	3.85646067763e-21	1.3864254565e-23	-1.0000000475
2	all	207.279941303	0.532391429512	n/a	n/a	n/a	n/a	n/a	n/a	n/a	n/a	n/a	n/a
3	1	210.462363849	0.97630368868	1.99617253599	0.00853655427094	26.8824004905	33.352836811	3.70101372431e-21	1.47848649277e-23	-1.0000000475	3.71117464458e-21	1.48805184671e-23	-1.0000000475
3	241	211.156481258	1.06205812065	1.95936306806	0.00907497481356	27.1968954123	33.5864925436	3.59701817081e-21	1.59810178786e-23	-1.0000000475	3.66913221255e-21	1.61515717587e-23	-1.0000000475
3	2881	211.327730462	0.800613434267	2.0485463194	0.007049065006	26.3200194911	33.1945592699	3.79426345126e-21	1.33659235848e-23	-1.0000000475	3.81256373484e-21	1.34802710342e-23	-1.0000000475
3	3121	210.616313304	0.672602969811	1.9884641859	0.00536800099917	26.6275337425	33.80260609	3.70563747879e-21	1.38803165747e-23	-1.0000000475	3.6900097149e-21	1.39588399843e-23	-1.0000000475
3	all	210.890722218	0.445429074762	n/a	n/a	n/a	n/a	n/a	n/a	n/a	n/a	n/a	n/a
4	1	204.6568911	0.649266517069	0.117070699105	0.000311682633877	121.764368564	125.553975536	2.13320845577e-22	8.26967697137e-25	0.199999994948	2.13653619703e-22	8.415553044e-25	0.199999994948
4	721	203.725024824	0.693403803061	0.1236993769	0.000384381922955	118.837945326	121.752042372	2.24346305945e-22	7.29662281219e-25	0.199999994948	2.21484341226e-22	7.34114732141e-25	0.199999994948
4	1821	204.459691954	0.729003241772	0.116284076627	0.000367559274518	120.499261632	127.730398514	2.13025296438e-22	8.10402979766e-25	0.199999994948	2.10200347188e-22	8.12878042385e-25	0.199999994948
4	all	204.280535959	0.399138178635	n/a	n/a	n/a	n/a	n/a	n/a	n/a	n/a	n/a	n/a
5	1	209.86457023	0.712453782086	0.110754303276	0.00031673470466	126.049696953	128.202497657	2.03813440992e-22	8.39038686444e-25	0.199999994948	2.05618309883e-22	8.53304304815e-25	0.199999994948
5	721	208.933796209	0.751599712682	0.118972868557	0.000384004584164	121.854035785	123.455672922	2.19317652774e-22	7.55507007221e-25	0.199999994948	2.19290191779e-22	7.70769166902e-25	0.199999994948
5	1821	208.902058901	0.716971206391	0.109745720646	0.000318199510672	125.03436922	130.43132298	2.02106661512e-22	8.25226454902e-25	0.199999994948	2.03552738066e-22	8.33074359587e-25	0.199999994948
5	all	209.233475113	0.419859795448	n/a	n/a	n/a	n/a	n/a	n/a	n/a	n/a	n/a	n/a
6	1	207.892824652	0.838300694432	0.111202109883	0.000399253602741	125.381375113	128.366838585	2.04780163649e-22	8.52780697384e-25	0.199999994948	2.04684293903e-22	8.66466670416e-25	0.199999994948
6	721	208.38700377	0.609634235176	0.11949425659	0.000294275065495	120.983985799	123.80095124	2.20586910262e-22	7.80535399658e-25	0.199999994948	2.22255825531e-22	7.97862149645e-25	0.199999994948
6	1821	207.529573335	0.706612739581	0.11009153995	0.000315914317748	124.670476519	130.401124185	2.01845290002e-22	8.33808306575e-25	0.199999994948	2.02912216636e-22	8.50132789441e-25	0.199999994948
6	all	207.936467252	0.418157800985	n/a	n/a	n/a	n/a	n/a	n/a	n/a	n/a	n/a	n/a
8	1	205.265201747	1.06154859927	0.107622070208	0.000499765044087	127.059240825	130.885429839	1.95932081797e-22	8.15894994909e-25	0.199999994948	1.94864503489e-22	8.15828456947e-25	0.199999994948
8	721	205.093086317	0.81338725978	0.112559115878	0.000375448392127	124.374965584	127.845443708	2.04060686681e-22	8.12713559486e-25	0.199999994948	2.05152547843e-22	8.22242264802e-25	0.199999994948
8	1821	204.202758797	0.933668773257	0.113192177734	0.00043184358601	122.098284996	129.50094041	2.05682619862e-22	9.7609240513e-25	0.199999994948	2.04452327713e-22	9.83937668994e-25	0.199999994948
8	all	204.853682287	0.543672863355	n/a	n/a	n/a	n/a	n/a	n/a	n/a	n/a	n/a	n/a
10	1	207.434145934	0.847404148526	0.107517564433	0.000395215263099	123.974039216	134.273012419	2.02474560674e-22	8.48030137128e-25	-0.0399999989895	1.91139168792e-22	8.2958083511e-25	-0.0399999989895
10	2361	206.694726399	0.573018016778	0.121619951874	0.00027660280995	118.157523401	124.54683475	2.28427684515e-22	8.80135827918e-25	-0.0399999989895	2.12340605938e-22	8.5302951678e-25	-0.0399999989895
10	2881	208.93242984	0.056274230215	0.105840449773	2.54192024557e-05	126.826211368	133.333170332	1.99011433407e-22	7.16797087354e-25	-0.0399999989895	1.89625557821e-22	7.02693088315e-25	-0.0399999989895
10	all	207.687100724	0.341501623142	n/a	n/a	n/a	n/a	n/a	n/a	n/a	n/a	n/a	n/a
11	1	211.428889548	0.662663470926	0.100884708407	0.000286633507345	130.272786628	136.182046197	1.87412892164e-22	8.17241241957e-25	-0.0399999989895	1.87184759363e-22	8.22615585277e-25	-0.0399999989895
11	2361	210.370328925	0.680820963639	0.112868887415	0.000317684045758	125.044003122	126.812419547	2.09727788865e-22	8.47744826682e-25	-0.0399999989895	2.0733798572e-22	8.44100459185e-25	-0.0399999989895
11	2881	210.629754068	0.0210764106421	0.101170428668	9.53933470117e-06	131.471223363	134.559575157	1.8679822367e-22	6.967309451e-25	-0.0399999989895	1.85391594048e-22	6.91641266846e-25	-0.0399999989895
11	all	210.809657514	0.316769154523	n/a	n/a	n/a	n/a	n/a	n/a	n/a	n/a	n/a	n/a
14	1	212.117955435	0.434948472354	0.0947585837467	0.000158620047746	136.763871328	138.104857677	1.77333192662e-22	7.94971068731e-25	-0.0399999989895	1.76313781844e-22	7.95932394088e-25	-0.0399999989895
14	2361	212.940099083	0.89999665847	0.103181934974	0.000400087073651	133.595562118	129.838414025	1.95320846832e-22	8.31420822871e-25	-0.0399999989895	1.93910068084e-22	8.27338979923e-25	-0.0399999989895
14	2881	212.76168537	0.628845909188	0.0942679676731	0.000265994778557	138.866352891	136.721787512	1.77115965294e-22	6.8116512921e-25	-0.0399999989895	1.74848875789e-22	6.81076357841e-25	-0.0399999989895
14	all	212.606579963	0.393646956374	n/a	n/a	n/a	n/a	n/a	n/a	n/a	n/a	n/a	n/a
15	1	213.089338772	0.478111862458	0.110843058713	0.000224528424396	123.838940286	130.386663715	2.0977999061e-22	8.95469873381e-25	-0.0399999989895	2.07004311332e-22	8.91268925846e-25	-0.0399999989895
15	2361	212.668091775	0.225723927546	0.11022029513	0.000109519057433	124.122132695	130.82420457	2.07190959364e-22	7.72261777617e-25	-0.0399999989895	2.04698579763e-22	7.69209227642e-25	-0.0399999989895
15	2881	212.343811752	0.154857532042	0.115627839034	7.43033053454e-05	121.314758475	127.591826484	2.16930423971e-22	8.66675557677e-25	-0.0399999989895	2.14740411449e-22	8.66094647476e-25	-0.0399999989895
15	all	212.7004141	0.183643101852	n/a	n/a	n/a	n/a	n/a	n/a	n/a	n/a	n/a	n/a
